0 0 0.001856 2590310
0 79 0.0838258 2590310
26 0 0.016424 2590310
0 26 0.021386 2590310
0 26 0.020642 2590310
0 41 0.0368434 2590310
23 0 0.015406 2590310
0 27 0.021284 2590310
16 0 0.0112118 2590310
0 79 0.0687116 2590310
16 16 0.00084 2590310
26 26 0.001404 2590310
26 26 0.0215718 2590310
26 26 0.02057 2590310
32 32 0.001256 2590310
59 59 0.0537818 2590310
59 59 0.0741874 2590310
36 36 0.010182 2590310
59 59 0.0475958 2590310
30 30 0.0510514 2590310
35 35 0.043608 2590310
50 50 0.101478 2590310
33 33 0.021814 2590310
43 43 0.0595518 2590310
38 38 0.0944094 2590310
35 35 0.050376 2590310
36 36 0.02513 2590310
47 47 0.0866136 2590310
50 50 0.0854058 2590310
29 29 0.0549798 2590310
53 53 0.0566038 2590310
