0 0 0.000548 2591948
0 79 0.0097178 2591948
26 0 0.001306 2591948
0 26 0.001428 2591948
0 26 0.00128 2591948
0 41 0.002322 2591948
23 0 0.001252 2591948
0 27 0.001462 2591948
16 0 0.000728 2591948
0 79 0.003556 2591948
16 16 0.00036 2591948
26 26 0.000266 2591948
26 26 0.001232 2591948
26 26 0.001666 2591948
32 32 0.000532 2591948
59 59 0.002894 2591948
59 59 0.0485518 2591948
36 36 0.001072 2591948
59 59 0.003164 2591948
30 30 6.89526 2591948
35 35 0.281925 2591948
50 50 17850.2 2591948
33 33 0.00137 2591948
43 43 7.2834 2591948
38 38 71.9444 2591948
35 35 0.132669 2591948
36 36 0.003324 2591948
47 47 1860.07 2591948
50 50 17822.9 2591948
29 29 28.1218 2591948
53 53 0.223369 2591948
