0 0 0.00046 2617344
0 79 0.01147 2617344
26 0 0.00153 2617344
0 26 0.00131 2617344
0 26 0.00156 2617344
0 41 0.00425 2617344
23 0 0.00084 2617344
0 27 0.00099 2617344
16 0 0.00111 2617344
0 79 0.00608 2617344
16 16 0.00038 2617344
26 26 0.00041 2617344
26 26 0.00151 2617344
26 26 0.00184 2617344
32 32 0.0015 2617344
59 59 0.00321 2617344
59 59 0.04828 2617344
36 36 0.00183 2617344
59 59 0.00362 2617344
30 30 6.81753 2617344
35 35 0.288729 2617344
50 50 18093.8 2617344
33 33 0.00135 2617344
43 43 7.15565 2617344
38 38 69.4687 2617344
35 35 0.12789 2617344
36 36 0.0032 2617344
47 47 1808 2617344
50 50 17466.1 2617344
29 29 25.6453 2617344
53 53 0.212399 2617344
