0 0 0.00063 2621440
0 79 0.00767 2621440
26 0 0.00198 2621440
0 26 0.00136 2621440
0 26 0.00096 2621440
0 41 0.00187 2621440
23 0 0.00171 2621440
0 27 0.00161 2621440
16 0 0.00061 2621440
0 79 0.0023 2621440
16 16 0.00023 2621440
26 26 0.00022 2621440
26 26 0.00103 2621440
26 26 0.00126 2621440
32 32 0.00022 2621440
59 59 0.00239 2621440
59 59 0.04848 2621440
36 36 0.00077 2621440
59 59 0.00217 2621440
30 30 6.89835 2621440
35 35 0.283409 2621440
50 50 17878.9 2621440
33 33 0.00112 2621440
43 43 6.96089 2621440
38 38 68.7748 2621440
35 35 0.129969 2621440
36 36 0.00205 2621440
47 47 1830.64 2621440
50 50 17892.7 2621440
29 29 26.2839 2621440
53 53 0.223719 2621440
