0 0 0.00055 2617344
0 79 0.00837 2617344
26 0 0.00086 2617344
0 26 0.00118 2617344
0 26 0.00098 2617344
0 41 0.00139 2617344
23 0 0.00069 2617344
0 27 0.00151 2617344
16 0 0.00056 2617344
0 79 0.00367 2617344
16 16 0.00022 2617344
26 26 0.00023 2617344
26 26 0.00112 2617344
26 26 0.00139 2617344
32 32 0.00022 2617344
59 59 0.00255 2617344
59 59 0.04946 2617344
36 36 0.00085 2617344
59 59 0.00475 2617344
30 30 7.33857 2617344
35 35 0.282619 2617344
50 50 17813.5 2617344
33 33 0.00122 2617344
43 43 8.06428 2617344
38 38 86.0033 2617344
35 35 0.125799 2617344
36 36 0.0079 2617344
47 47 1933.39 2617344
50 50 17975.5 2617344
29 29 25.5356 2617344
53 53 0.223719 2617344
