0 0 0.00234 2617344
0 79 0.08098 2617344
26 0 0.01759 2617344
0 26 0.02133 2617344
0 26 0.02001 2617344
0 41 0.03328 2617344
23 0 0.01557 2617344
0 27 0.01997 2617344
16 0 0.01243 2617344
0 79 0.07299 2617344
16 16 0.0007 2617344
26 26 0.00089 2617344
26 26 0.01877 2617344
26 26 0.02123 2617344
32 32 0.00098 2617344
59 59 0.05227 2617344
59 59 0.072179 2617344
36 36 0.01034 2617344
59 59 0.04535 2617344
30 30 0.050319 2617344
35 35 0.04645 2617344
50 50 0.13391 2617344
33 33 0.02105 2617344
43 43 0.06226 2617344
38 38 0.177589 2617344
35 35 0.08366 2617344
36 36 0.02386 2617344
47 47 0.08953 2617344
50 50 0.08593 2617344
29 29 0.05357 2617344
53 53 0.05826 2617344
