0 0 0.00063 2617344
0 79 0.00831 2617344
26 0 0.00076 2617344
0 26 0.00118 2617344
0 26 0.00097 2617344
0 41 0.00138 2617344
23 0 0.00153 2617344
0 27 0.00198 2617344
16 0 0.00061 2617344
0 79 0.00284 2617344
16 16 0.00022 2617344
26 26 0.00023 2617344
26 26 0.00138 2617344
26 26 0.00229 2617344
32 32 0.0005 2617344
59 59 0.00281 2617344
59 59 0.04835 2617344
36 36 0.00098 2617344
59 59 0.00264 2617344
30 30 6.66977 2617344
35 35 0.284109 2617344
50 50 17666.4 2617344
33 33 0.00109 2617344
43 43 7.15012 2617344
38 38 66.9305 2617344
35 35 0.124409 2617344
36 36 0.00165 2617344
47 47 1882.36 2617344
50 50 17679.4 2617344
29 29 26.2903 2617344
53 53 0.229009 2617344
