0 0 0.00181 2617344
0 79 0.08983 2617344
26 0 0.01638 2617344
0 26 0.02198 2617344
0 26 0.02108 2617344
0 41 0.034979 2617344
23 0 0.01806 2617344
0 27 0.02161 2617344
16 0 0.01082 2617344
0 79 0.070079 2617344
16 16 0.00119 2617344
26 26 0.00088 2617344
26 26 0.02258 2617344
26 26 0.0211 2617344
32 32 0.00214 2617344
59 59 0.06269 2617344
59 59 0.076239 2617344
36 36 0.01172 2617344
59 59 0.05788 2617344
30 30 0.052969 2617344
35 35 0.04688 2617344
50 50 0.094379 2617344
33 33 0.02324 2617344
43 43 0.06216 2617344
38 38 0.087549 2617344
35 35 0.05239 2617344
36 36 0.0247 2617344
47 47 0.08737 2617344
50 50 0.08838 2617344
29 29 0.067179 2617344
53 53 0.0595 2617344
