0 0 0.00047 2486272
0 79 0.012769 2486272
26 0 0.0014 2486272
0 26 0.00211 2486272
0 26 0.00193 2486272
0 41 0.00272 2486272
23 0 0.00149 2486272
0 27 0.00122 2486272
16 0 0.00075 2486272
0 79 0.00289 2486272
16 16 0.00075 2486272
26 26 0.00024 2486272
26 26 0.00112 2486272
26 26 0.00155 2486272
32 32 0.00022 2486272
59 59 0.00351 2486272
59 59 0.048189 2486272
36 36 0.00093 2486272
59 59 0.00264 2486272
30 30 6.75208 2486272
35 35 0.270758 2486272
50 50 17798.3 2486272
33 33 0.00207 2486272
43 43 7.08608 2486272
38 38 68.5446 2486272
35 35 0.155279 2486272
36 36 0.00182 2486272
47 47 1845.95 2486272
50 50 18100.6 2486272
29 29 36.8541 2486272
53 53 0.227998 2486272
