0 0 0.00183 2617344
0 79 0.07982 2617344
26 0 0.01545 2617344
0 26 0.01821 2617344
0 26 0.01978 2617344
0 41 0.03255 2617344
23 0 0.01424 2617344
0 27 0.01998 2617344
16 0 0.010299 2617344
0 79 0.06301 2617344
16 16 0.00086 2617344
26 26 0.00226 2617344
26 26 0.025429 2617344
26 26 0.01806 2617344
32 32 0.00077 2617344
59 59 0.056619 2617344
59 59 0.07634 2617344
36 36 0.01025 2617344
59 59 0.04741 2617344
30 30 0.05092 2617344
35 35 0.04346 2617344
50 50 0.10073 2617344
33 33 0.02105 2617344
43 43 0.057859 2617344
38 38 0.06666 2617344
35 35 0.03894 2617344
36 36 0.02181 2617344
47 47 0.084889 2617344
50 50 0.08163 2617344
29 29 0.04957 2617344
53 53 0.052359 2617344
