0 0 0.00166 2482176
0 79 0.084179 2482176
26 0 0.01549 2482176
0 26 0.0183 2482176
0 26 0.02174 2482176
0 41 0.038669 2482176
23 0 0.01387 2482176
0 27 0.01994 2482176
16 0 0.01159 2482176
0 79 0.069919 2482176
16 16 0.0007 2482176
26 26 0.00086 2482176
26 26 0.01802 2482176
26 26 0.02186 2482176
32 32 0.00141 2482176
59 59 0.048 2482176
59 59 0.0727 2482176
36 36 0.00821 2482176
59 59 0.043099 2482176
30 30 0.050089 2482176
35 35 0.04051 2482176
50 50 0.084179 2482176
33 33 0.02221 2482176
43 43 0.05785 2482176
38 38 0.06949 2482176
35 35 0.03801 2482176
36 36 0.03306 2482176
47 47 0.08523 2482176
50 50 0.08657 2482176
29 29 0.05164 2482176
53 53 0.05686 2482176
