0 0 0.00164 2617344
0 79 0.08432 2617344
26 0 0.01721 2617344
0 26 0.02711 2617344
0 26 0.0206 2617344
0 41 0.044739 2617344
23 0 0.01529 2617344
0 27 0.02492 2617344
16 0 0.01092 2617344
0 79 0.06756 2617344
16 16 0.00075 2617344
26 26 0.00213 2617344
26 26 0.02306 2617344
26 26 0.0206 2617344
32 32 0.00098 2617344
59 59 0.04933 2617344
59 59 0.073479 2617344
36 36 0.01039 2617344
59 59 0.04424 2617344
30 30 0.05096 2617344
35 35 0.04074 2617344
50 50 0.09419 2617344
33 33 0.02152 2617344
43 43 0.05763 2617344
38 38 0.070759 2617344
35 35 0.03888 2617344
36 36 0.02222 2617344
47 47 0.086049 2617344
50 50 0.084519 2617344
29 29 0.05294 2617344
53 53 0.05604 2617344
